39 39 15
05 07 04 04 01 12 06 08 03 11 07 04 03 15 12 09 03 08 07 04 11 05 13 12 12 11 14 02 11 06 14 15 12 09 03 05 05 01 04 
15 11 02 03 05 02 06 14 11 13 05 14 01 01 11 12 12 06 10 06 09 15 04 08 04 12 11 15 09 11 10 08 13 12 10 09 05 08 07 
15 05 04 05 05 04 07 09 08 04 03 05 12 10 08 05 05 11 07 11 11 09 05 03 13 08 05 06 04 12 13 10 08 08 14 05 03 05 13 
10 01 15 14 12 01 13 08 05 01 14 07 11 14 12 06 11 11 02 02 15 13 06 01 12 13 15 01 15 11 13 02 11 05 07 15 05 12 07 
02 04 13 08 14 11 11 11 14 07 12 15 13 01 05 13 13 09 04 13 15 15 11 01 02 07 15 08 11 11 15 04 14 04 04 04 06 14 07 
04 12 03 03 01 11 14 06 08 14 09 05 14 15 07 06 09 13 12 01 01 07 07 04 12 10 07 08 01 13 14 04 09 08 14 02 03 04 07 
02 03 07 07 01 14 05 13 07 10 10 07 10 08 06 05 12 15 04 04 07 01 09 11 01 08 01 02 03 04 15 04 06 07 02 13 05 07 03 
11 01 12 09 02 04 06 06 07 06 09 02 12 01 10 14 09 10 14 10 12 03 02 07 15 08 09 13 04 07 15 06 14 03 06 15 13 12 05 
05 02 06 06 05 13 08 04 06 02 02 01 05 11 09 11 11 01 11 15 04 02 06 09 07 08 14 06 12 02 03 01 03 08 14 15 12 06 03 
03 14 11 10 10 14 03 05 01 10 08 15 13 01 12 13 08 11 03 13 07 05 15 15 14 14 13 13 03 10 07 05 15 03 14 09 01 08 05 
01 02 12 07 06 13 03 10 12 05 12 09 03 08 01 02 07 06 06 11 08 07 03 04 06 05 09 14 12 01 04 04 09 07 10 14 11 04 08 
07 15 12 08 02 04 08 04 02 05 01 05 05 08 07 08 05 03 09 11 14 01 06 09 10 12 03 08 08 13 08 06 12 04 13 13 14 12 08 
08 02 01 12 13 15 03 12 04 12 05 14 10 06 04 03 07 08 12 06 15 01 13 05 12 08 10 01 07 06 01 06 14 01 02 11 15 11 15 
10 07 04 01 01 01 11 10 07 03 13 13 09 13 02 06 01 10 15 08 08 12 08 13 11 15 06 13 14 01 12 01 07 01 01 14 08 03 15 
15 06 04 04 06 08 05 03 08 06 02 07 13 14 15 02 01 14 07 13 05 07 10 12 05 02 04 03 09 06 02 15 03 05 03 09 12 15 03 
11 05 05 03 03 10 09 11 10 14 03 07 03 01 08 14 06 09 09 08 03 15 02 09 09 13 12 09 02 11 12 04 07 01 13 09 02 06 05 
03 05 14 09 14 14 09 05 11 02 13 11 11 04 12 05 13 01 01 06 09 03 02 13 09 09 02 10 10 08 06 12 04 04 13 09 09 06 13 
05 14 03 15 10 13 03 14 10 10 06 01 04 08 09 08 08 03 09 02 04 01 14 08 11 09 12 05 03 09 09 14 07 03 05 01 01 07 14 
10 01 04 02 11 03 03 03 11 12 12 04 07 04 03 14 07 11 02 03 05 10 11 03 02 06 07 02 06 05 01 07 13 11 01 15 14 03 03 
01 14 06 04 05 09 06 11 15 09 12 09 13 07 05 08 08 10 06 01 07 03 08 13 15 04 13 14 09 07 08 09 05 13 04 02 14 02 12 
05 10 15 14 14 06 10 13 05 11 04 06 02 06 05 06 12 08 11 02 08 02 02 08 14 14 12 07 04 05 10 09 06 09 07 04 07 01 09 
03 03 12 08 04 09 05 09 12 12 11 05 12 05 06 04 03 12 07 01 07 11 10 15 01 10 13 12 01 05 05 04 07 08 03 10 08 07 11 
11 11 13 15 07 02 13 02 11 01 01 11 07 03 12 07 11 07 11 14 07 01 03 02 14 02 12 01 09 03 11 11 05 15 10 03 02 14 05 
04 14 12 07 06 14 03 04 09 09 14 07 08 06 01 01 05 09 12 05 09 07 07 04 11 13 06 14 14 04 10 10 03 06 01 15 11 03 10 
12 04 15 10 03 06 03 03 02 11 15 13 12 06 11 15 01 08 05 06 14 09 15 08 03 12 08 09 15 02 03 11 05 02 05 07 14 07 02 
15 10 01 04 06 13 14 05 05 07 02 11 05 02 02 04 04 06 11 12 05 04 06 15 01 07 11 14 06 03 15 12 12 07 01 09 04 14 13 
09 05 06 11 01 07 12 04 02 02 06 05 06 10 10 12 10 02 08 15 14 10 15 10 13 06 10 06 10 09 10 10 05 01 05 06 14 08 09 
01 10 15 05 07 01 07 04 10 08 11 09 13 12 15 07 01 06 02 06 07 02 07 08 06 14 04 11 13 11 05 13 12 11 09 04 11 15 14 
12 14 09 12 03 12 12 10 12 09 03 09 07 04 15 14 09 14 09 05 03 04 01 15 01 03 15 11 13 07 09 01 12 09 12 15 05 15 09 
08 15 11 01 06 14 07 11 14 12 04 10 14 08 10 13 15 12 05 10 01 11 03 01 07 03 05 13 07 04 06 14 04 08 06 01 13 12 12 
12 09 07 06 07 06 08 12 05 11 08 06 12 10 08 04 01 02 08 06 15 04 11 05 07 04 10 07 08 14 10 04 07 02 10 05 07 09 08 
04 04 15 09 07 09 02 03 02 10 02 07 10 05 09 14 03 04 09 10 12 07 11 15 05 12 01 01 11 01 09 14 05 15 07 03 01 15 05 
09 10 07 15 04 03 15 09 06 04 02 07 07 15 02 13 11 06 06 12 08 06 12 06 02 11 04 05 03 04 01 11 05 14 02 15 09 02 08 
14 12 02 12 10 08 13 07 04 10 04 15 02 10 11 14 03 13 10 14 08 13 15 03 09 05 12 15 13 13 14 03 01 15 14 02 08 04 08 
11 05 12 02 14 13 04 12 15 08 06 14 15 10 05 10 10 01 06 09 14 10 08 08 10 14 07 03 13 02 10 08 06 13 01 04 02 11 08 
02 04 05 07 03 07 03 04 01 03 09 02 01 03 01 01 04 14 14 06 12 15 08 11 12 12 04 08 14 14 15 07 02 11 05 12 02 07 15 
10 09 01 11 02 03 03 02 07 01 15 04 04 06 03 07 02 15 10 09 05 08 15 03 02 11 07 13 04 13 04 13 13 04 15 14 14 02 07 
12 10 13 15 13 03 10 11 12 09 05 05 05 05 12 07 06 14 13 10 02 02 13 07 14 09 06 05 07 15 11 10 09 09 09 13 03 03 01 
14 03 05 11 07 09 07 13 06 12 02 15 13 03 05 11 09 13 09 13 11 08 08 05 08 08 05 12 11 15 12 01 09 09 11 01 02 09 05 
